0.000000000000000000e+00	0.000000000000000000e+00
1.190960058291640600e+01	3.038382676521717496e-06
2.381920116583281199e+01	2.647435187070284026e-05
3.572880174874921977e+01	9.466209361173078972e-05
4.763840233166562399e+01	2.130479816922533211e-04
5.954800291458203532e+01	3.692316707135514598e-04
7.145760349749843954e+01	5.622775831532115078e-04
8.336720408041483665e+01	8.068370303381016328e-04
9.527680466333124798e+01	1.080683058982928602e-03
1.071864052462476451e+02	1.316853189875786742e-03
1.190960058291640706e+02	1.511107015240858954e-03
1.310056064120804535e+02	1.744300212725898155e-03
1.429152069949968791e+02	2.014192324041357701e-03
1.548248075779132762e+02	2.187218713320945602e-03
1.667344081608296733e+02	2.207257718983970680e-03
1.786440087437460988e+02	2.214513667205828332e-03
1.905536093266624960e+02	2.354135541484405313e-03
2.024632099095789215e+02	2.524542240160418307e-03
2.143728104924952902e+02	2.494845919141222210e-03
2.262824110754117157e+02	2.320100572285432872e-03
2.381920116583281413e+02	2.292966739555413452e-03
2.501016122412445100e+02	2.392845911219717084e-03
2.620112128241609071e+02	2.327579566410347203e-03
2.739208134070773326e+02	2.139059130864933919e-03
2.858304139899937582e+02	2.103344691875462351e-03
2.977400145729101268e+02	2.147905034214999623e-03
3.096496151558265524e+02	2.011372689429171291e-03
3.215592157387429779e+02	1.772012102255691003e-03
3.334688163216593466e+02	1.687055508892305053e-03
3.453784169045757722e+02	1.710921393702297556e-03
3.572880174874921977e+02	1.606271318317025560e-03
3.691976180704085664e+02	1.389250407456941745e-03
3.811072186533249919e+02	1.259454132591642872e-03
3.930168192362413606e+02	1.205544054489424274e-03
4.049264198191578430e+02	1.078987976075997373e-03
4.168360204020741548e+02	9.043183613795371728e-04
4.287456209849905804e+02	7.851848565336759858e-04
4.406552215679070059e+02	7.096714020298483657e-04
4.525648221508234315e+02	6.321161362673044645e-04
4.644744227337398570e+02	5.432397207243280313e-04
4.763840233166562825e+02	4.385636740367859082e-04
4.882936238995725944e+02	3.450834603968622248e-04
5.002032244824890199e+02	2.980138488912720219e-04
5.121128250654054455e+02	2.692247610174491271e-04
5.240224256483218142e+02	2.182188481573947168e-04
5.359320262312382965e+02	1.614986118089472992e-04
5.478416268141546652e+02	1.261978954811399892e-04
5.597512273970711476e+02	1.077833377006009709e-04
5.716608279799875163e+02	9.537929705811737185e-05
5.835704285629038850e+02	8.316671638782554936e-05
5.954800291458202537e+02	6.511145127195850236e-05
6.073896297287366224e+02	4.677125345566519106e-05
6.192992303116531048e+02	4.003808258504855979e-05
6.312088308945694735e+02	4.075007875986896204e-05
6.431184314774859558e+02	3.574775118693155490e-05
6.550280320604023245e+02	2.478533298717118961e-05
6.669376326433186932e+02	1.753242327008470327e-05
6.788472332262350619e+02	1.806334841272195179e-05
6.907568338091515443e+02	2.104139278627744535e-05
7.026664343920679130e+02	1.949582285188809346e-05
7.145760349749843954e+02	1.379058580727971105e-05
7.264856355579007641e+02	1.017692258480256086e-05
7.383952361408171328e+02	1.085303123287833833e-05
7.503048367237335015e+02	1.127708013961411249e-05
7.622144373066499838e+02	8.402119602281175284e-06
7.741240378895663525e+02	5.495144564102862407e-06
7.860336384724827212e+02	5.691499083623441461e-06
7.979432390553992036e+02	6.765137206408855502e-06
8.098528396383156860e+02	5.878307101552296331e-06
8.217624402212320547e+02	3.885252444237036834e-06
8.336720408041483097e+02	3.043267025372976421e-06
8.455816413870649058e+02	3.695711826664849664e-06
8.574912419699811608e+02	3.907918132554323364e-06
8.694008425528976431e+02	2.694169162845283104e-06
8.813104431358140118e+02	1.627771881206241582e-06
8.932200437187304942e+02	1.639247894051797760e-06
9.051296443016468629e+02	1.898850479540298154e-06
9.170392448845633453e+02	1.777600608431521588e-06
9.289488454674797140e+02	1.280928156817873789e-06
9.408584460503961964e+02	9.977535539771888457e-07
9.527680466333125651e+02	1.225330055852207699e-06
9.646776472162288201e+02	1.207560472113906939e-06
9.765872477991451888e+02	8.329874932451752298e-07
9.884968483820616711e+02	7.158637741592179324e-07
1.000406448964978040e+03	8.075833804811002761e-07
1.012316049547894295e+03	9.356927592322203151e-07
1.024225650130810891e+03	9.234405512509903175e-07
1.036135250713727146e+03	6.961679422103847384e-07
1.048044851296643628e+03	7.530319687335718839e-07
1.059954451879560111e+03	1.006615266131698724e-06
1.071864052462476593e+03	9.942100502530741511e-07
1.083773653045392848e+03	9.773381686311042514e-07
1.095683253628309330e+03	1.067505500155861040e-06
1.107592854211225585e+03	1.188307956635032010e-06
1.119502454794142295e+03	1.469821170352969030e-06
1.131412055377058550e+03	1.710191087248195598e-06
1.143321655959975033e+03	1.883721336391329392e-06
1.155231256542891288e+03	2.215806070371506770e-06
1.167140857125807770e+03	2.647316623439063231e-06
1.179050457708724252e+03	3.235908452773420244e-06
1.190960058291640507e+03	4.234142618092507912e-06
1.202869658874556990e+03	6.054250890263626450e-06
1.214779259457473245e+03	8.525903671507792283e-06
1.226688860040389955e+03	1.055211810635329022e-05
1.238598460623306210e+03	1.333188691333177651e-05
1.250508061206222692e+03	2.010509321394119236e-05
1.262417661789138947e+03	2.983602904879908898e-05
1.274327262372055429e+03	3.854333012706241240e-05
1.286236862954971912e+03	4.797292210953656898e-05
1.298146463537888394e+03	6.396998531869268177e-05
1.310056064120804649e+03	8.609966378759844490e-05
1.321965664703721131e+03	1.079482627356297516e-04
1.333875265286637386e+03	1.273307361974405905e-04
1.345784865869553641e+03	1.472647814204157922e-04
1.357694466452470124e+03	1.692856229371949130e-04
1.369604067035386606e+03	1.920185807070233920e-04
1.381513667618303089e+03	2.121082437568487945e-04
1.393423268201219571e+03	2.286916032951760735e-04
1.405332868784135826e+03	2.463908942064512125e-04
1.417242469367052308e+03	2.628405214853884249e-04
1.429152069949968791e+03	2.713674413581418257e-04
1.441061670532885273e+03	2.842846559252233609e-04
1.452971271115801528e+03	3.088506743594323354e-04
1.464880871698718011e+03	3.184844731549660627e-04
1.476790472281634266e+03	3.192235019171807669e-04
1.488700072864550975e+03	3.796292025917215361e-04
1.500609673447467003e+03	5.047860938106285512e-04
1.512519274030383713e+03	5.885811466895900755e-04
1.524428874613299968e+03	5.745533657652676825e-04
1.536338475196216223e+03	5.248089305354368796e-04
1.548248075779132705e+03	4.731461409149454833e-04
1.560157676362048960e+03	3.703461094639505665e-04
1.572067276944965442e+03	2.136051214692695239e-04
1.583976877527881925e+03	8.533037345223902026e-05
1.595886478110798407e+03	4.207189411038546556e-05
1.607796078693714662e+03	6.548259937684735644e-05
1.619705679276631372e+03	1.186000633362360458e-04
1.631615279859547627e+03	1.805580979035704655e-04
1.643524880442464109e+03	2.336343479641261336e-04
1.655434481025380137e+03	2.648976393640669474e-04
1.667344081608296619e+03	2.850491970588987681e-04
1.679253682191213102e+03	3.142983173575742664e-04
1.691163282774129812e+03	3.455563547358428151e-04
1.703072883357045839e+03	3.534525430463178507e-04
1.714982483939962322e+03	3.377856622307920734e-04
1.726892084522878804e+03	3.210876047670336089e-04
1.738801685105795286e+03	3.104631465100542772e-04
1.750711285688711541e+03	2.958685532772255418e-04
1.762620886271628024e+03	2.754173680956880678e-04
1.774530486854544506e+03	2.547106636709833014e-04
1.786440087437460988e+03	2.298313963304928680e-04
1.798349688020377243e+03	1.939644484402118594e-04
1.810259288603293726e+03	1.568233017022213919e-04
1.822168889186210208e+03	1.359899988033944995e-04
1.834078489769126691e+03	1.300096143742888511e-04
1.845988090352042946e+03	1.206423952142140582e-04
1.857897690934959428e+03	9.989021320844072393e-05
1.869807291517875456e+03	7.634345971361622494e-05
1.881716892100792393e+03	5.941261186403705007e-05
1.893626492683708648e+03	5.182748653414558315e-05
1.905536093266625130e+03	5.108308223144947903e-05
1.917445693849541158e+03	5.020394175986024761e-05
1.929355294432457640e+03	4.417299473895306344e-05
1.941264895015374123e+03	3.538736590160819853e-05
1.953174495598290378e+03	2.768051010074717045e-05
1.965084096181206860e+03	2.240479300447738927e-05
1.976993696764123342e+03	2.091323675538100089e-05
1.988903297347039825e+03	2.179519653458856132e-05
2.000812897929956080e+03	2.062270871521283851e-05
2.012722498512872562e+03	1.684415774370729384e-05
2.024632099095788590e+03	1.333565600209894057e-05
2.036541699678705527e+03	1.114525344822897625e-05
2.048451300261621782e+03	1.003679074591543591e-05
2.060360900844538264e+03	9.579215739503396060e-06
2.072270501427454292e+03	8.820594786506066846e-06
2.084180102010371229e+03	7.474224678139107689e-06
2.096089702593287257e+03	5.988996432663139912e-06
2.107999303176203739e+03	4.866882433116562804e-06
2.119908903759120221e+03	4.435740491825181371e-06
2.131818504342036704e+03	4.294694779741061029e-06
2.143728104924953186e+03	3.831297082742241696e-06
2.155637705507869669e+03	3.016232184632106686e-06
2.167547306090785696e+03	2.173588853628807976e-06
2.179456906673702179e+03	1.726831406280380747e-06
2.191366507256618661e+03	1.706631213993745336e-06
2.203276107839535143e+03	1.716807706386289821e-06
2.215185708422451171e+03	1.636502847194909243e-06
2.227095309005368108e+03	1.494971522690703608e-06
2.239004909588284590e+03	1.338929524974949911e-06
2.250914510171201073e+03	1.317818238059228347e-06
2.262824110754117100e+03	1.299166881698655030e-06
2.274733711337033583e+03	1.192208368380863774e-06
2.286643311919950065e+03	1.122370754328077294e-06
2.298552912502866093e+03	9.937892764921172232e-07
2.310462513085782575e+03	8.366320662265346453e-07
2.322372113668699058e+03	7.649893636159355074e-07
2.334281714251615540e+03	6.356670636016351813e-07
2.346191314834532022e+03	5.028612795935899147e-07
2.358100915417448505e+03	4.339983133727531704e-07
2.370010516000364532e+03	3.131464301611839527e-07
2.381920116583281015e+03	2.447668258770766875e-07
2.393829717166197497e+03	2.217630652018601501e-07
2.405739317749113980e+03	1.427962011406578593e-07
2.417648918332030007e+03	1.350133262424723768e-07
2.429558518914946490e+03	1.360431167848785099e-07
2.441468119497863427e+03	8.735876813371769045e-08
2.453377720080779909e+03	1.117289467712608706e-07
2.465287320663695937e+03	1.072303020991303685e-07
2.477196921246612419e+03	7.529388759091358277e-08
2.489106521829528901e+03	1.118803269108690804e-07
2.501016122412445384e+03	9.269078316504161654e-08
2.512925722995361411e+03	7.585227207751083742e-08
2.524835323578277894e+03	1.135481950289868949e-07
2.536744924161194376e+03	8.271907033833140598e-08
2.548654524744110859e+03	8.205430045516186716e-08
2.560564125327027341e+03	1.104547481484338729e-07
2.572473725909943823e+03	7.290264154791070898e-08
2.584383326492859851e+03	8.924125726826383522e-08
2.596292927075776788e+03	1.045037719201556840e-07
2.608202527658692816e+03	6.789729199180724873e-08
2.620112128241609298e+03	9.659547472022578673e-08
2.632021728824525326e+03	9.468923852420621639e-08
2.643931329407442263e+03	6.556337126807049459e-08
2.655840929990358745e+03	1.019149875660095066e-07
2.667750530573274773e+03	8.595104816653049098e-08
2.679660131156191255e+03	7.061784442919293840e-08
2.691569731739107283e+03	1.056307864503713018e-07
2.703479332322024220e+03	7.753751148191225065e-08
2.715388932904940248e+03	7.971640478603341328e-08
2.727298533487856730e+03	1.089835893554374013e-07
2.739208134070773212e+03	7.583095049331226954e-08
2.751117734653689695e+03	9.493618936019563355e-08
2.763027335236606177e+03	1.141979028471458175e-07
2.774936935819522205e+03	8.528761485508228001e-08
2.786846536402439142e+03	1.199522408899582061e-07
2.798756136985355170e+03	1.300244581834874474e-07
2.810665737568271652e+03	1.192856414271030708e-07
2.822575338151187680e+03	1.726671667304324434e-07
2.834484938734104617e+03	1.822057640550496785e-07
2.846394539317021099e+03	2.069380861769662435e-07
2.858304139899937582e+03	2.948542177971259455e-07
2.870213740482853609e+03	3.388508719919999659e-07
2.882123341065770546e+03	4.351219861024495340e-07
2.894032941648686574e+03	5.860466833570903714e-07
2.905942542231603056e+03	7.196796727328035904e-07
2.917852142814519084e+03	9.605069778512888200e-07
2.929761743397436021e+03	1.243607600722946517e-06
2.941671343980352049e+03	1.508063357694601501e-06
2.953580944563268531e+03	1.882465822438099078e-06
2.965490545146185013e+03	2.286814203394366074e-06
2.977400145729101951e+03	2.708660065713192723e-06
2.989309746312017978e+03	3.222272699323672264e-06
3.001219346894934006e+03	3.604680153008843323e-06
3.013128947477850488e+03	3.682245189954249954e-06
3.025038548060767425e+03	3.456077757873606837e-06
3.036948148643683453e+03	3.047698965810849828e-06
3.048857749226599935e+03	2.765196634253614453e-06
3.060767349809516418e+03	2.642219942018857501e-06
3.072676950392432445e+03	2.573229349393236569e-06
3.084586550975349382e+03	2.833724718275901244e-06
3.096496151558265410e+03	3.610714670311354982e-06
3.108405752141181893e+03	4.488335750975878686e-06
3.120315352724097920e+03	4.584399587885936304e-06
3.132224953307014857e+03	3.496078345454232834e-06
3.144134553889930885e+03	2.219011551347875932e-06
3.156044154472847367e+03	1.901771027397719644e-06
3.167953755055763850e+03	2.354480061499505130e-06
3.179863355638680787e+03	2.859393483216992337e-06
3.191772956221596814e+03	3.179733245105099872e-06
3.203682556804512842e+03	3.610383844835137251e-06
3.215592157387429324e+03	4.446725286920946479e-06
3.227501757970345807e+03	5.179561400782012246e-06
3.239411358553262744e+03	5.293422424441638777e-06
3.251320959136178772e+03	5.455130300253743001e-06
3.263230559719095254e+03	6.374252111091322573e-06
3.275140160302011736e+03	7.526083963675071905e-06
3.287049760884928219e+03	8.007733202286793875e-06
3.298959361467844246e+03	7.989426357284032919e-06
3.310868962050760274e+03	8.489517165452370757e-06
3.322778562633677211e+03	9.688150547021522386e-06
3.334688163216593239e+03	1.089098011668964393e-05
3.346597763799510176e+03	1.197440157092564401e-05
3.358507364382426204e+03	1.331881388265787315e-05
3.370416964965343141e+03	1.528231630948423091e-05
3.382326565548259623e+03	1.798292423751074811e-05
3.394236166131175651e+03	2.084157906581637738e-05
3.406145766714091678e+03	2.380995718522556986e-05
3.418055367297008615e+03	2.829110213120792061e-05
3.429964967879924643e+03	3.499961785910036405e-05
3.441874568462841580e+03	4.281531938353696083e-05
3.453784169045757608e+03	5.071220884443744244e-05
3.465693769628674090e+03	5.960911531613768602e-05
3.477603370211590573e+03	7.162932575705007973e-05
3.489512970794507055e+03	8.701354200279349214e-05
3.501422571377423083e+03	1.036934506064153381e-04
3.513332171960339110e+03	1.210051018860676685e-04
3.525241772543256047e+03	1.403359797688077558e-04
3.537151373126172075e+03	1.620048144600164542e-04
3.549060973709089012e+03	1.847609071693783400e-04
3.560970574292005040e+03	2.071654939843415905e-04
3.572880174874921977e+03	2.280251303683942480e-04
3.584789775457838459e+03	2.467642305530549571e-04
3.596699376040754487e+03	2.628326075786212106e-04
3.608608976623670515e+03	2.740723626226104748e-04
3.620518577206587452e+03	2.776911305795191432e-04
3.632428177789503479e+03	2.734203362335508973e-04
3.644337778372420416e+03	2.628773581811012176e-04
3.656247378955336444e+03	2.470738986968827513e-04
3.668156979538253381e+03	2.293210753375439514e-04
3.680066580121169409e+03	2.159683038194339425e-04
3.691976180704085891e+03	2.133404691190200113e-04
3.703885781287001919e+03	2.381372959151961015e-04
3.715795381869918856e+03	3.142110198427878988e-04
3.727704982452834884e+03	4.167208037186594235e-04
3.739614583035750911e+03	4.503451830968622691e-04
3.751524183618667848e+03	3.551102683781383502e-04
3.763433784201584785e+03	2.010110997499364098e-04
3.775343384784500813e+03	1.038652738737222262e-04
3.787252985367417295e+03	9.300593633959706574e-05
3.799162585950333323e+03	1.253363434098285489e-04
3.811072186533250260e+03	1.694926727616083949e-04
3.822981787116166288e+03	2.182338295341427884e-04
3.834891387699082316e+03	2.638884598594150245e-04
3.846800988281998343e+03	2.985947056589459436e-04
3.858710588864915280e+03	3.191413734414217198e-04
3.870620189447832217e+03	3.246704713382614913e-04
3.882529790030748245e+03	3.163732084538296656e-04
3.894439390613664727e+03	2.960240346723859309e-04
3.906348991196580755e+03	2.657911019319497822e-04
3.918258591779497692e+03	2.299719240583572143e-04
3.930168192362413720e+03	1.926860090306360663e-04
3.942077792945329747e+03	1.562924862815526640e-04
3.953987393528246685e+03	1.228027961466326501e-04
3.965896994111163622e+03	9.341459010461280858e-05
3.977806594694079649e+03	6.841014622932564931e-05
3.989716195276996132e+03	4.834700827719003949e-05
4.001625795859912159e+03	3.342649710202428605e-05
4.013535396442829096e+03	2.284498447429117099e-05
4.025444997025745124e+03	1.545889211951395357e-05
4.037354597608661152e+03	1.034377881750072405e-05
4.049264198191577179e+03	6.965410919786439339e-06
4.061173798774494117e+03	4.926241104107765011e-06
4.073083399357411054e+03	3.778384155732226439e-06
4.084992999940327081e+03	3.089887147468267676e-06
4.096902600523243564e+03	2.456874807227590470e-06
4.108812201106160501e+03	1.896100929040226045e-06
4.120721801689076528e+03	1.743349104355875529e-06
4.132631402271992556e+03	1.846366034092416213e-06
4.144541002854908584e+03	1.767470524574026213e-06
4.156450603437825521e+03	1.442026323296525276e-06
4.168360204020742458e+03	1.128721632661596262e-06
4.180269804603658486e+03	1.067899448526237942e-06
4.192179405186574513e+03	1.105052181373039539e-06
4.204089005769490541e+03	9.664045008903741307e-07
4.215998606352407478e+03	7.934806323009703392e-07
4.227908206935323506e+03	7.354952058104452120e-07
4.239817807518240443e+03	7.033862000669638112e-07
4.251727408101156470e+03	6.574392289180401906e-07
4.263637008684073407e+03	5.403014754215143965e-07
4.275546609266990345e+03	4.013018003146300622e-07
4.287456209849906372e+03	3.919300267873974119e-07
4.299365810432822400e+03	4.082716322562498399e-07
4.311275411015739337e+03	3.516210844970976793e-07
4.323185011598655365e+03	2.903897447695737093e-07
4.335094612181571392e+03	2.318995455503330512e-07
4.347004212764487420e+03	2.210843743910133343e-07
4.358913813347404357e+03	2.373155863968028405e-07
4.370823413930321294e+03	1.818130870487353504e-07
4.382733014513237322e+03	1.477232378573248391e-07
4.394642615096153349e+03	1.647611944067705969e-07
4.406552215679070287e+03	1.454395511331124418e-07
4.418461816261986314e+03	1.352500862090065355e-07
4.430371416844902342e+03	1.261637138475027149e-07
4.442281017427819279e+03	1.042062929101837672e-07
4.454190618010736216e+03	1.247154705623966835e-07
4.466100218593652244e+03	1.182981861931451556e-07
4.478009819176569181e+03	9.387553307504930258e-08
4.489919419759485208e+03	1.186699153555484051e-07
4.501829020342402146e+03	1.145649294263036498e-07
4.513738620925318173e+03	1.023939136864825627e-07
4.525648221508234201e+03	1.201846193889810956e-07
4.537557822091150229e+03	1.041060263582415150e-07
4.549467422674067166e+03	1.041664737898845770e-07
4.561377023256983193e+03	1.180310361783106575e-07
4.573286623839900130e+03	9.276955860161554111e-08
4.585196224422816158e+03	9.893114764314474979e-08
4.597105825005732186e+03	1.062688728588406353e-07
4.609015425588649123e+03	8.302945986736008953e-08
4.620925026171565150e+03	9.817516162762022492e-08
4.632834626754481178e+03	9.814306190452793271e-08
4.644744227337398115e+03	8.110901846701419727e-08
4.656653827920315052e+03	1.010237485764115894e-07
4.668563428503231080e+03	9.104417932673448113e-08
4.680473029086148017e+03	8.086740719816329132e-08
4.692382629669064045e+03	1.022100501281967783e-07
4.704292230251980982e+03	8.949416560144691132e-08
4.716201830834897009e+03	9.406879869594426777e-08
4.728111431417813037e+03	1.136374479900341388e-07
4.740021032000729065e+03	9.521508401453358611e-08
4.751930632583646002e+03	1.067492860732455631e-07
4.763840233166562030e+03	1.197484168718991826e-07
4.775749833749478967e+03	1.044971512459009085e-07
4.787659434332394994e+03	1.256508412672557795e-07
4.799569034915311931e+03	1.302761112114331089e-07
4.811478635498227959e+03	1.203672914775123675e-07
4.823388236081143987e+03	1.485143611444669896e-07
4.835297836664060014e+03	1.475135500524402221e-07
4.847207437246976951e+03	1.500306639562188793e-07
4.859117037829892979e+03	1.879218633194554183e-07
4.871026638412809916e+03	1.879290746253073746e-07
4.882936238995726853e+03	2.000642218862154390e-07
4.894845839578642881e+03	2.396661961733768378e-07
4.906755440161559818e+03	2.586536904579476697e-07
4.918665040744475846e+03	3.057847720802130423e-07
4.930574641327391873e+03	3.484169947464446552e-07
4.942484241910308810e+03	3.681125484771262050e-07
4.954393842493224838e+03	4.378317194168524278e-07
4.966303443076140866e+03	5.173556434810660552e-07
4.978213043659057803e+03	6.124605337768275157e-07
4.990122644241973831e+03	7.754343422599984343e-07
5.002032244824890768e+03	9.669014072507447589e-07
5.013941845407806795e+03	1.254430161910351881e-06
5.025851445990722823e+03	1.687517387967760351e-06
5.037761046573638851e+03	2.212686174503212997e-06
5.049670647156555788e+03	2.907550944661729927e-06
5.061580247739471815e+03	3.831298636363729273e-06
5.073489848322388752e+03	5.009471349630238464e-06
5.085399448905305690e+03	6.547947305628990987e-06
5.097309049488221717e+03	8.389843514996617906e-06
5.109218650071138654e+03	1.043999837801061908e-05
5.121128250654054682e+03	1.274577332233737026e-05
5.133037851236970710e+03	1.527146307412453747e-05
5.144947451819887647e+03	1.791328433959124607e-05
5.156857052402803674e+03	2.055403532628621464e-05
5.168766652985719702e+03	2.305371720032173250e-05
5.180676253568636639e+03	2.528130835389125295e-05
5.192585854151553576e+03	2.694465063581592004e-05
5.204495454734469604e+03	2.778003972169052453e-05
5.216405055317385631e+03	2.772679074901577135e-05
5.228314655900301659e+03	2.662210126120902301e-05
5.240224256483218596e+03	2.441534007388796395e-05
5.252133857066134624e+03	2.132200582964195867e-05
5.264043457649050652e+03	1.767996026465670548e-05
5.275953058231967589e+03	1.418025039697330909e-05
5.287862658814884526e+03	1.110908331862230062e-05
5.299772259397800553e+03	8.950180681501651868e-06
5.311681859980717491e+03	1.174249885562896727e-05
5.323591460563633518e+03	2.377378134382008280e-05
5.335501061146549546e+03	3.967648344351114596e-05
5.347410661729466483e+03	4.670324082672605039e-05
5.359320262312382511e+03	4.046880231738273712e-05
5.371229862895298538e+03	2.974968456247929663e-05
5.383139463478214566e+03	2.379184220721425032e-05
5.395049064061131503e+03	2.339660014719406071e-05
5.406958664644048440e+03	2.541536580450204220e-05
5.418868265226964468e+03	2.808124151310499047e-05
5.430777865809880495e+03	3.059207775411074121e-05
5.442687466392796523e+03	3.225539285990529440e-05
5.454597066975713460e+03	3.275927203306657382e-05
5.466506667558630397e+03	3.205499063772261858e-05
5.478416268141546425e+03	3.036858632147158295e-05
5.490325868724463362e+03	2.801693220896577611e-05
5.502235469307379390e+03	2.513344538818922515e-05
5.514145069890296327e+03	2.194673197784298215e-05
5.526054670473212354e+03	1.875526071863770129e-05
5.537964271056128382e+03	1.572579904424487615e-05
5.549873871639044410e+03	1.299017247711973716e-05
5.561783472221962256e+03	1.055116699977617453e-05
5.573693072804878284e+03	8.387897651127758651e-06
5.585602673387794312e+03	6.604154981217598823e-06
5.597512273970710339e+03	5.141487736285895864e-06
5.609421874553627276e+03	3.857316128273110907e-06
5.621331475136543304e+03	2.761569690159743120e-06
5.633241075719459332e+03	1.894811660915655107e-06
5.645150676302375359e+03	1.302678904056396681e-06
5.657060276885293206e+03	9.294707468455631635e-07
5.668969877468209233e+03	6.209902223937722387e-07
5.680879478051125261e+03	4.036942012857859281e-07
5.692789078634042198e+03	3.088411033035694439e-07
5.704698679216958226e+03	2.475256046584823894e-07
5.716608279799875163e+03	2.322184791423211086e-07
5.728517880382791191e+03	2.403586229122044501e-07
5.740427480965707218e+03	2.175539977498510898e-07
5.752337081548623246e+03	2.178385956831888059e-07
5.764246682131541093e+03	2.108245466506333809e-07
5.776156282714457120e+03	1.806527437933915854e-07
5.788065883297373148e+03	1.961522872950469375e-07
5.799975483880289175e+03	1.951223428795122817e-07
5.811885084463206113e+03	1.593535805202800589e-07
5.823794685046122140e+03	1.541337575055642019e-07
5.835704285629038168e+03	1.458112027246395445e-07
5.847613886211954195e+03	1.448528719707097784e-07
5.859523486794872042e+03	1.571047065994819785e-07
5.871433087377788070e+03	1.313605701293744453e-07
5.883342687960704097e+03	1.216141006874999149e-07
5.895252288543621034e+03	1.294453537299713681e-07
5.907161889126537062e+03	1.076399743664775542e-07
5.919071489709453999e+03	1.089845937218771974e-07
5.930981090292370027e+03	1.114945649018953508e-07
5.942890690875286055e+03	9.223565621042502257e-08
5.954800291458203901e+03	1.036637939402980754e-07
5.966709892041119929e+03	1.016832076045149682e-07
5.978619492624035956e+03	8.592474047285661262e-08
5.990529093206951984e+03	9.962447543554261610e-08
6.002438693789868012e+03	9.051278674742910142e-08
6.014348294372784949e+03	8.163841990338322103e-08
6.026257894955700976e+03	9.549506696255300492e-08
6.038167495538617004e+03	7.991813145581300619e-08
6.050077096121534851e+03	7.819657571836627571e-08
6.061986696704450878e+03	9.036545695229227772e-08
6.073896297287366906e+03	7.379560633648385946e-08
6.085805897870282934e+03	8.015681680622644874e-08
6.097715498453199871e+03	8.650269267530466515e-08
6.109625099036115898e+03	7.036087476948020878e-08
6.121534699619032835e+03	8.328005104411036734e-08
6.133444300201948863e+03	8.313708472802538617e-08
6.145353900784864891e+03	7.015841857670265300e-08
6.157263501367782737e+03	8.586900793850607183e-08
6.169173101950698765e+03	7.878874134499144230e-08
6.181082702533614793e+03	7.171932849735637941e-08
6.192992303116530820e+03	8.731985461532019263e-08
6.204901903699446848e+03	7.468553619086727647e-08
6.216811504282363785e+03	7.473828864232701720e-08
6.228721104865279813e+03	8.718574329902268598e-08
6.240630705448195840e+03	7.161833056257869582e-08
6.252540306031113687e+03	7.883279035604809688e-08
6.264449906614029715e+03	8.589496481650502384e-08
6.276359507196945742e+03	7.039183652431156788e-08
6.288269107779861770e+03	8.275705587669273779e-08
6.300178708362778707e+03	8.268267892314208345e-08
6.312088308945694735e+03	7.035362684063795679e-08
6.323997909528611672e+03	8.564873376093879707e-08
6.335907510111527699e+03	7.859591166599760715e-08
6.347817110694444636e+03	7.172595647342543072e-08
6.359726711277361574e+03	8.706893237069094804e-08
6.371636311860277601e+03	7.512231139249538002e-08
6.383545912443193629e+03	7.560443186096737540e-08
6.395455513026109656e+03	8.806204542319860049e-08
6.407365113609025684e+03	7.351813140756264348e-08
6.419274714191942621e+03	8.155189433130042075e-08
6.431184314774858649e+03	8.953164850507860381e-08
6.443093915357776496e+03	7.605874762873496932e-08
6.455003515940691614e+03	9.082352673089538070e-08
6.466913116523608551e+03	9.396086738147645238e-08
6.478822717106525488e+03	8.451359815596586652e-08
6.490732317689440606e+03	1.007056439795930780e-07
6.502641918272357543e+03	9.452300295864199150e-08
6.514551518855273571e+03	9.054166686788631323e-08
6.526461119438190508e+03	1.113768670780032502e-07
6.538370720021105626e+03	1.052307107400319912e-07
6.550280320604023473e+03	1.097879057131961594e-07
6.562189921186939500e+03	1.309682245673339368e-07
6.574099521769856437e+03	1.328201557187626459e-07
6.586009122352773375e+03	1.558105998427139189e-07
6.597918722935688493e+03	1.717627690441070008e-07
6.609828323518605430e+03	1.602008867545395200e-07
6.621737924101520548e+03	1.731813803086515494e-07
6.633647524684437485e+03	1.793058347787386504e-07
6.645557125267354422e+03	1.890667363231604105e-07
6.657466725850271359e+03	2.599659340979320291e-07
6.669376326433186478e+03	3.702237612097898119e-07
6.681285927016103415e+03	5.419777072999704517e-07
6.693195527599020352e+03	7.603759062844963528e-07
6.705105128181936379e+03	9.417183599934277900e-07
6.717014728764852407e+03	1.107372809184331013e-06
6.728924329347768435e+03	1.248754660548195566e-06
6.740833929930686281e+03	1.329034038637599730e-06
6.752743530513602309e+03	1.409400947192117609e-06
6.764653131096519246e+03	1.477895905759986270e-06
6.776562731679434364e+03	1.498673662603278155e-06
6.788472332262351301e+03	1.493167618199879034e-06
6.800381932845268238e+03	1.422905306316004851e-06
6.812291533428183357e+03	1.300712328290994708e-06
6.824201134011100294e+03	1.147065291162871285e-06
6.836110734594017231e+03	9.134475021042537232e-07
6.848020335176934168e+03	7.305791547661037365e-07
6.859929935759849286e+03	7.852490221407089740e-07
6.871839536342766223e+03	1.067088342683141154e-06
6.883749136925683160e+03	1.479108257702665014e-06
6.895658737508598279e+03	1.871051541949952368e-06
6.907568338091515216e+03	2.134595135502672229e-06
6.919477938674431243e+03	2.285976108455662594e-06
6.931387539257348180e+03	2.314787808980932425e-06
6.943297139840264208e+03	2.297132405284032718e-06
6.955206740423181145e+03	2.409424593464942231e-06
6.967116341006097173e+03	2.637255202122192607e-06
6.979025941589014110e+03	2.852284010583282143e-06
6.990935542171931047e+03	2.972856803593310213e-06
7.002845142754846165e+03	3.078411328959558781e-06
7.014754743337763102e+03	3.612921253251025070e-06
7.026664343920678220e+03	4.949714853091378554e-06
7.038573944503596977e+03	6.757031450629620986e-06
7.050483545086512095e+03	8.393583619210953094e-06
7.062393145669429032e+03	9.870443539191296509e-06
7.074302746252344150e+03	1.177849300624912447e-05
7.086212346835261087e+03	1.397640172763541505e-05
7.098121947418178024e+03	1.546123091365662089e-05
7.110031548001094052e+03	1.598529156635964868e-05
7.121941148584010080e+03	1.611884230470676417e-05
7.133850749166927017e+03	1.586170379723994856e-05
7.145760349749843954e+03	1.491393037107490715e-05
7.157669950332759981e+03	1.345187027842422277e-05
7.169579550915676919e+03	1.179647087307484061e-05
7.181489151498592037e+03	1.062398156869201692e-05
7.193398752081508974e+03	1.164985810784069949e-05
7.205308352664425911e+03	1.626279234890189458e-05
7.217217953247341029e+03	2.220376766281284472e-05
7.229127553830259785e+03	2.382910757575219861e-05
7.241037154413174903e+03	1.876816570940078482e-05
7.252946754996091840e+03	1.168956702522870058e-05
7.264856355579006959e+03	8.187446357524021250e-06
7.276765956161923896e+03	8.722747507612073632e-06
7.288675556744840833e+03	1.106583292205444452e-05
7.300585157327755951e+03	1.434193377455743638e-05
7.312494757910672888e+03	1.856061782027570802e-05
7.324404358493588916e+03	2.272128204064466546e-05
7.336313959076506762e+03	2.468733137866856400e-05
7.348223559659421880e+03	2.285837525371927950e-05
7.360133160242338818e+03	1.799469466075673707e-05
7.372042760825254845e+03	1.251018873902634782e-05
7.383952361408171782e+03	7.843086860136455003e-06
7.395861961991088720e+03	4.048737335527649325e-06
7.407771562574003838e+03	1.449640345091716711e-06
7.419681163156920775e+03	4.046976497784257261e-07
7.431590763739837712e+03	2.601675108073530007e-07
7.443500364322754649e+03	2.591111993650405521e-07
7.455409964905669767e+03	2.933701224686694228e-07
7.467319565488586704e+03	3.255672980099178181e-07
7.479229166071501822e+03	3.068465481119563113e-07
7.491138766654418760e+03	3.058188378588442771e-07
7.503048367237335697e+03	2.993194939482464726e-07
7.514957967820251724e+03	2.647619731696857464e-07
7.526867568403169571e+03	2.148973830211982782e-07
7.538777168986084689e+03	1.489395488718313295e-07
7.550686769569001626e+03	1.288165975099752196e-07
7.562596370151917654e+03	1.384432940411858376e-07
7.574505970734834591e+03	1.199513702365381910e-07
7.586415571317749709e+03	1.193732279705193619e-07
7.598325171900666646e+03	1.250539270381196086e-07
7.610234772483583583e+03	1.113341975894072637e-07
7.622144373066500521e+03	1.181682698432158721e-07
7.634053973649417458e+03	1.150944977405204478e-07
7.645963574232332576e+03	9.937055116789688164e-08
7.657873174815249513e+03	1.021524120630977071e-07
7.669782775398164631e+03	8.595136852392891883e-08
7.681692375981081568e+03	7.434962339555187574e-08
7.693601976563996686e+03	8.568931631871515371e-08
7.705511577146913623e+03	7.541192900274397094e-08
7.717421177729830561e+03	7.541188988838481276e-08
7.729330778312747498e+03	8.574247267949655956e-08
7.741240378895664435e+03	7.320426759164360723e-08
7.753149979478579553e+03	7.891199442762943091e-08
7.765059580061496490e+03	8.448392722364074973e-08
7.776969180644412518e+03	7.169373537695053115e-08
7.788878781227329455e+03	8.167124522840386946e-08
7.800788381810246392e+03	8.164987759261063736e-08
7.812697982393161510e+03	7.161445095579409502e-08
7.824607582976079357e+03	8.413956014937241041e-08
7.836517183558995384e+03	7.856025527584323611e-08
7.848426784141912322e+03	7.303773188044721802e-08
7.860336384724827440e+03	8.548740378707566305e-08
7.872245985307744377e+03	7.550757091402687960e-08
7.884155585890659495e+03	7.555666129034130226e-08
7.896065186473576432e+03	8.547398772646538494e-08
7.907974787056493369e+03	7.310185099004687703e-08
7.919884387639410306e+03	7.863827684016933450e-08
7.931793988222327243e+03	8.408226743653018247e-08
7.943703588805242362e+03	7.179193418749013147e-08
7.955613189388159299e+03	8.168176659415120921e-08
7.967522789971075326e+03	8.163781354098667161e-08
7.979432390553992263e+03	7.187396042158912897e-08
7.991341991136907382e+03	8.415397974334466992e-08
8.003251591719824319e+03	7.872399364446247529e-08
8.015161192302741256e+03	7.341486124000301165e-08
8.027070792885658193e+03	8.564042451770601531e-08
8.038980393468575130e+03	7.594692118169817871e-08
8.050889994051490248e+03	7.608788031944406418e-08
8.062799594634407185e+03	8.577263304596533010e-08
8.074709195217322304e+03	7.368640804782551826e-08
8.086618795800239241e+03	7.928366686099123280e-08
8.098528396383154359e+03	8.476414770056035163e-08
8.110437996966071296e+03	7.287913343319052264e-08
8.122347597548988233e+03	8.314765678604840876e-08
8.134257198131905170e+03	8.437709758315033732e-08
8.146166798714822107e+03	7.638202888078734021e-08
8.158076399297737225e+03	8.991194878207338305e-08
8.169985999880654163e+03	8.591264469522573253e-08
8.181895600463570190e+03	8.111944575031283537e-08
8.193805201046487127e+03	9.200774117110085311e-08
8.205714801629403155e+03	8.100312895573277991e-08
8.217624402212321002e+03	8.111263495561750437e-08
8.229534002795237029e+03	9.273650613490549478e-08
8.241443603378153057e+03	8.388716620750655030e-08
8.253353203961069084e+03	9.163818240005010231e-08
8.265262804543985112e+03	9.943546517641688162e-08
8.277172405126901140e+03	9.232553918724140844e-08
8.289082005709817167e+03	1.074897002778513859e-07
8.300991606292735014e+03	1.102705231092693268e-07
8.312901206875651042e+03	9.938566080241989217e-08
8.324810807458568888e+03	1.073748681674389629e-07
8.336720408041484916e+03	9.813210124624285785e-08
8.348630008624400944e+03	8.918120147773692948e-08
8.360539609207316971e+03	9.760380074529974490e-08
8.372449209790232999e+03	8.706064221221896935e-08
8.384358810373149026e+03	9.020457474076538080e-08
8.396268410956065054e+03	1.063474889790739912e-07
8.408178011538981082e+03	9.989031455876868687e-08
8.420087612121898928e+03	1.048862205104607339e-07
8.431997212704814956e+03	1.097820578998898992e-07
8.443906813287732803e+03	1.028561957257731901e-07
8.455816413870647011e+03	1.143187665638011085e-07
8.467726014453564858e+03	1.069112462160812441e-07
8.479635615036480885e+03	8.903600443359317986e-08
8.491545215619396913e+03	1.018494030409582720e-07
8.503454816202312941e+03	1.044754714820150062e-07
8.515364416785230787e+03	1.013480828100188863e-07
8.527274017368146815e+03	1.052672215937671644e-07
8.539183617951062843e+03	8.756862528046303568e-08
8.551093218533980689e+03	8.536373724749653694e-08
8.563002819116894898e+03	9.551457829095983727e-08
8.574912419699812745e+03	8.361648145394213225e-08
8.586822020282726953e+03	8.789406437464220933e-08
8.598731620865644800e+03	9.304362527742392222e-08
8.610641221448560827e+03	8.245745542242111898e-08
8.622550822031478674e+03	1.017703658489129547e-07
8.634460422614394702e+03	1.380123430912535912e-07
8.646370023197310729e+03	1.966667301361410348e-07
8.658279623780226757e+03	2.986237206144855618e-07
8.670189224363142785e+03	4.042912760503220675e-07
8.682098824946058812e+03	5.389019470204395503e-07
8.694008425528974840e+03	7.240876898027179853e-07
8.705918026111892686e+03	8.910229341960906646e-07
8.717827626694808714e+03	9.776681349883121133e-07
8.729737227277726561e+03	9.186302233631049483e-07
8.741646827860642588e+03	7.425158387353865381e-07
8.753556428443558616e+03	5.674338620474538295e-07
8.765466029026474644e+03	4.152841237237670724e-07
8.777375629609390671e+03	4.383427876616119737e-07
8.789285230192306699e+03	8.490941101821236989e-07
8.801194830775222727e+03	1.319208365599158460e-06
8.813104431358140573e+03	1.291432771456076007e-06
8.825014031941056601e+03	8.404276868337980434e-07
8.836923632523972628e+03	5.331974365122582626e-07
8.848833233106890475e+03	6.163604419483375648e-07
8.860742833689804684e+03	7.826635319650942977e-07
8.872652434272722530e+03	7.617232439052542654e-07
8.884562034855638558e+03	6.603717882722694276e-07
8.896471635438554586e+03	5.771823312788945143e-07
8.908381236021472432e+03	4.714602587370843093e-07
8.920290836604388460e+03	3.500642241618858591e-07
8.932200437187304487e+03	2.205317531268440670e-07
8.944110037770220515e+03	1.197946711101072614e-07
8.956019638353138362e+03	9.789631282996408073e-08
8.967929238936052570e+03	9.294752829826331750e-08
8.979838839518970417e+03	7.992761315235106340e-08
8.991748440101884626e+03	8.871062861089923959e-08
9.003658040684804291e+03	8.662144144041054924e-08
9.015567641267718500e+03	8.568396470468854755e-08
9.027477241850636346e+03	9.835682302089546078e-08
9.039386842433552374e+03	8.926531202467861507e-08
9.051296443016468402e+03	8.803030037980168999e-08
9.063206043599384429e+03	9.478371572217646137e-08
9.075115644182300457e+03	8.159761399839344638e-08
9.087025244765216485e+03	8.489355691280173013e-08
9.098934845348134331e+03	8.892112276903002574e-08
9.110844445931050359e+03	7.695200427543785722e-08
9.122754046513966387e+03	8.433249677188737675e-08
9.134663647096884233e+03	8.410751696895791938e-08
9.146573247679800261e+03	7.567586009026808002e-08
9.158482848262716288e+03	8.570230608287259877e-08
9.170392448845632316e+03	7.985666943423661727e-08
9.182302049428548344e+03	7.460305947393045720e-08
9.194211650011464371e+03	8.523487020320286010e-08
9.206121250594382218e+03	7.675338044025700896e-08
9.218030851177298246e+03	7.676825997063033007e-08
9.229940451760214273e+03	8.524690284046384691e-08
9.241850052343130301e+03	7.468254294895595928e-08
9.253759652926048147e+03	7.941102267504062685e-08
9.265669253508962356e+03	8.408091124668065586e-08
9.277578854091880203e+03	7.357477496880745566e-08
9.289488454674796230e+03	8.203370502524612851e-08
9.301398055257714077e+03	8.201082199307604345e-08
9.313307655840630105e+03	7.364362468679022872e-08
9.325217256423546132e+03	8.412949925791099289e-08
9.337126857006462160e+03	7.945299723661899050e-08
9.349036457589378188e+03	7.485311773816760383e-08
9.360946058172296034e+03	8.527896314549588527e-08
9.372855658755210243e+03	7.691583540933646282e-08
9.384765259338128089e+03	7.696442132113642718e-08
9.396674859921044117e+03	8.527199485948240152e-08
9.408584460503961964e+03	7.490142045056106272e-08
9.420494061086876172e+03	7.955265526302297722e-08
9.432403661669794019e+03	8.411973403327015989e-08
9.444313262252708228e+03	7.380528700436162441e-08
9.456222862835626074e+03	8.211251552590873100e-08
9.468132463418542102e+03	8.208173474170851100e-08
9.480042064001458129e+03	7.386855928267452146e-08
9.491951664584375976e+03	8.415811540386692245e-08
9.503861265167292004e+03	7.955381614958083680e-08
9.515770865750208031e+03	7.503378954428326579e-08
9.527680466333124059e+03	8.526347940444537236e-08
9.539590066916041906e+03	7.704557323731245325e-08
9.551499667498957933e+03	7.709778042782770185e-08
9.563409268081873961e+03	8.525581854966463464e-08
9.575318868664789989e+03	7.507373442824261541e-08
9.587228469247706016e+03	7.965325181502837899e-08
9.599138069830623863e+03	8.414603310146984057e-08
9.611047670413539890e+03	7.402057476376893496e-08
9.622957270996455918e+03	8.218187058094557306e-08
9.634866871579371946e+03	8.214386006346488914e-08
9.646776472162287973e+03	7.407313890840773892e-08
9.658686072745205820e+03	8.418894916031015767e-08
9.670595673328120029e+03	7.967683791187130471e-08
9.682505273911037875e+03	7.524608610061681229e-08
9.694414874493953903e+03	8.529618116265730492e-08
9.706324475076871749e+03	7.721398511742165385e-08
9.718234075659785958e+03	7.727101496457482462e-08
9.730143676242703805e+03	8.532874470183525468e-08
9.742053276825619832e+03	7.540601833410137896e-08
9.753962877408535860e+03	7.999857112611400042e-08
9.765872477991453707e+03	8.447754634497128513e-08
9.777782078574367915e+03	7.455798281208373179e-08
9.789691679157285762e+03	8.258745737218835528e-08
9.801601279740201790e+03	8.253645628026590935e-08
9.813510880323119636e+03	7.456905753401084216e-08
9.825420480906033845e+03	8.447168194325203658e-08
9.837330081488951691e+03	8.001125973990891616e-08
9.849239682071865900e+03	7.564272546178624884e-08
9.861149282654783747e+03	8.553577519299286724e-08
9.873058883237699774e+03	7.768682792836566680e-08
9.884968483820617621e+03	7.787999384454041481e-08
9.896878084403533649e+03	8.579844931327978024e-08
9.908787684986449676e+03	7.582550956399721796e-08
9.920697285569365704e+03	8.006706102575123872e-08
9.932606886152281731e+03	8.429938611268165651e-08
9.944516486735199578e+03	7.450101531661512016e-08
9.956426087318115606e+03	8.247441149025816656e-08
9.968335687901031633e+03	8.256049373858670469e-08
9.980245288483947661e+03	7.476127725842966206e-08
9.992154889066865508e+03	8.440363659817517926e-08
1.000406448964978154e+04	7.992872066927729035e-08
1.001597409023269756e+04	7.562348812085852383e-08
1.002788369081561359e+04	8.535460433981847978e-08
1.003979329139852962e+04	7.755340422186669103e-08
1.005170289198144565e+04	7.761212486987507688e-08
1.006361249256436349e+04	8.537157552372170074e-08
1.007552209314727770e+04	7.568299197429198185e-08
1.008743169373019737e+04	8.005412799869904787e-08
1.009934129431311158e+04	8.443826845235286082e-08
1.011125089489602942e+04	7.496964682604340659e-08
1.012316049547894363e+04	8.290212368879432141e-08
1.013507009606186148e+04	8.308205875633471171e-08
1.014697969664477750e+04	7.568937063420751757e-08
1.015888929722769353e+04	8.573024660423430768e-08
1.017079889781061138e+04	8.161539750062056338e-08
1.018270849839352741e+04	7.691697035772947289e-08
1.019461809897644343e+04	8.664296676738219026e-08
1.020652769955935946e+04	8.142612334180511121e-08
1.021843730014227731e+04	8.530082138710869782e-08
1.023034690072519152e+04	9.702630927223193635e-08
1.024225650130810936e+04	9.345121985430509022e-08
1.025416610189102357e+04	1.051008134628756918e-07
1.026607570247394142e+04	1.126033953174979482e-07
1.027798530305685745e+04	9.846148805957044487e-08
1.028989490363977529e+04	9.682421417736113149e-08
1.030180450422269132e+04	9.045199267682035864e-08
1.031371410480560735e+04	8.547661904506134481e-08
1.032562370538852338e+04	1.058227518687262459e-07
1.033753330597143940e+04	1.120779895811411186e-07
1.034944290655435725e+04	1.095875971769512663e-07
1.036135250713727328e+04	1.125183142779301079e-07
1.037326210772018931e+04	9.671011465138984350e-08
1.038517170830310715e+04	9.181213049504129583e-08
1.039708130888602318e+04	9.807292941263543676e-08
1.040899090946893921e+04	8.680382358065481729e-08
1.042090051005185524e+04	8.715035874145642921e-08
1.043281011063477126e+04	8.927600251839676877e-08
1.044471971121768729e+04	7.927175273409282695e-08
1.045662931180060332e+04	8.907236786403606130e-08
1.046853891238352116e+04	1.061762638222240521e-07
1.048044851296643719e+04	1.305002504638316065e-07
1.049235811354935504e+04	1.698303573634506185e-07
1.050426771413226925e+04	1.937592221538596895e-07
1.051617731471518709e+04	2.263325136510589042e-07
1.052808691529810130e+04	2.685558810630024210e-07
1.053999651588101915e+04	2.680449875611564637e-07
1.055190611646393518e+04	2.512005991289102901e-07
1.056381571704685120e+04	2.527739553007228547e-07
1.057572531762976905e+04	2.870233976917110064e-07
1.058763491821268508e+04	3.602083210828532870e-07
1.059954451879560111e+04	3.719799005474637917e-07
1.061145411937851713e+04	2.815118870303453790e-07
1.062336371996143498e+04	2.041541202941436008e-07
1.063527332054434919e+04	1.866485826934432539e-07
1.064718292112726704e+04	1.982730779894549524e-07
1.065909252171018124e+04	2.093733564034093400e-07
1.067100212229309909e+04	1.819499997335408367e-07
1.068291172287601512e+04	1.414155479995160815e-07
1.069482132345893297e+04	1.137675313924943513e-07
1.070673092404184899e+04	8.421557082880100620e-08
1.071864052462476502e+04	7.903858350391206977e-08
1.073055012520768105e+04	8.716822627127556536e-08
1.074245972579059708e+04	7.849501977362793902e-08
1.075436932637351492e+04	8.319682985060591971e-08
1.076627892695642913e+04	8.777840453817543594e-08
1.077818852753934698e+04	7.860929657047949683e-08
1.079009812812226301e+04	8.619724490282320830e-08
1.080200772870518085e+04	8.716550109077083414e-08
1.081391732928809688e+04	8.032540107264097486e-08
1.082582692987101291e+04	8.852058708633342259e-08
1.083773653045392894e+04	8.309708077616505420e-08
1.084964613103684496e+04	7.817130581740627612e-08
1.086155573161976099e+04	8.737536374539978643e-08
1.087346533220267884e+04	8.131141323116616570e-08
1.088537493278559305e+04	8.294486605832338951e-08
1.089728453336851089e+04	9.252739972365299998e-08
1.090919413395142692e+04	8.650460854036049986e-08
1.092110373453434659e+04	9.287737023950975985e-08
1.093301333511726079e+04	9.915234518938283665e-08
1.094492293570017864e+04	9.337320466237493128e-08
1.095683253628309285e+04	1.028686878286813521e-07
1.096874213686601070e+04	1.020528720109941895e-07
1.098065173744892672e+04	9.164310748468707531e-08
1.099256133803184275e+04	9.869406669189994630e-08
1.100447093861475878e+04	9.668041417062418189e-08
1.101638053919767481e+04	9.464771478830767297e-08
1.102829013978059265e+04	1.009294080633560141e-07
1.104019974036350686e+04	8.962229548807306802e-08
1.105210934094642471e+04	8.887725530171680941e-08
1.106401894152933892e+04	9.784992945578162610e-08
1.107592854211225676e+04	8.978482755286434787e-08
1.108783814269517279e+04	9.201471958547892080e-08
1.109974774327808882e+04	9.254798722764262758e-08
1.111165734386100485e+04	7.985225923131463189e-08
1.112356694444392451e+04	8.390810016960933948e-08
1.113547654502684054e+04	8.283229425557027941e-08
1.114738614560975657e+04	7.595350640994082619e-08
1.115929574619267260e+04	8.477672894979675593e-08
1.117120534677558862e+04	8.081451947488904991e-08
1.118311494735850465e+04	7.699549584352344280e-08
1.119502454794142068e+04	8.571157545593949228e-08
1.120693414852433853e+04	7.871432855863099835e-08
1.121884374910725455e+04	7.876596858978452319e-08
1.123075334969017058e+04	8.571021117459063189e-08
1.124266295027308661e+04	7.704362516652826673e-08
1.125457255085600264e+04	8.094122775469918224e-08
1.126648215143891866e+04	8.476701736593873679e-08
1.127839175202183651e+04	7.614801967373219408e-08
1.129030135260475072e+04	8.309896083857774096e-08
1.130221095318766857e+04	8.307214062356418477e-08
1.131412055377058641e+04	7.620137036081586626e-08
1.132603015435350426e+04	8.481907651812829138e-08
1.133793975493641847e+04	8.097420799221580143e-08
1.134984935551933631e+04	7.719805205048838235e-08
1.136175895610225052e+04	8.577160298306013303e-08
1.137366855668516837e+04	7.889284264197013501e-08
1.138557815726808440e+04	7.893851602670367407e-08
1.139748775785100042e+04	8.577846930779240658e-08
1.140939735843391645e+04	7.724598433788767348e-08
1.142130695901683248e+04	8.108269816359898931e-08
1.143321655959975033e+04	8.485162504037182759e-08
1.144512616018266453e+04	7.636187575078880446e-08
1.145703576076558238e+04	8.320999614761808370e-08
1.146894536134849659e+04	8.318530943239056913e-08
1.148085496193141444e+04	7.641617536011411235e-08
1.149276456251433046e+04	8.490679158649004978e-08
1.150467416309724649e+04	8.111957604347227026e-08
1.151658376368016434e+04	7.739923984497650727e-08
1.152849336426308219e+04	8.584771894237371677e-08
1.154040296484599821e+04	7.907034209474902851e-08
1.155231256542891424e+04	7.911549956687320101e-08
1.156422216601183027e+04	8.585647031760840613e-08
1.157613176659474630e+04	7.744847575276937258e-08
1.158804136717766232e+04	8.122911520078043760e-08
1.159995096776057835e+04	8.494541950292620470e-08
1.161186056834349620e+04	7.658176970270766472e-08
1.162377016892641223e+04	8.333362786736775375e-08
1.163567976950932825e+04	8.331681740553473387e-08
1.164758937009224428e+04	7.665756338461513583e-08
1.165949897067516031e+04	8.503564511461314371e-08
1.167140857125807634e+04	8.130552806608849702e-08
1.168331817184099418e+04	7.763202262998606534e-08
1.169522777242390839e+04	8.594972644471165734e-08
1.170713737300682806e+04	7.927689745128017482e-08
1.171904697358974408e+04	7.935895763076405382e-08
1.173095657417266193e+04	8.606286226257605471e-08
1.174286617475557614e+04	7.784843683218590562e-08
1.175477577533849399e+04	8.165865721808320723e-08
1.176668537592140819e+04	8.536774675540084918e-08
1.177859497650432604e+04	7.707281649742406767e-08
1.179050457708724207e+04	8.363049727322286967e-08
1.180241417767015810e+04	8.358221908134888603e-08
1.181432377825307412e+04	7.707246246204282614e-08
1.182623337883599015e+04	8.539478835314393406e-08
1.183814297941890800e+04	8.171512143656496623e-08
1.185005258000182221e+04	7.802390285122938629e-08
1.186196218058474005e+04	8.615092580024695756e-08
1.187387178116765426e+04	7.951852547228407429e-08
1.188578138175057211e+04	7.952723279190625884e-08
1.189769098233348814e+04	8.605544849497766141e-08
1.190960058291640780e+04	7.787782627931057853e-08
1.192151018349932201e+04	8.154197702338960961e-08
1.193341978408223986e+04	8.516181265019932325e-08
1.194532938466515589e+04	7.704630664256356008e-08
1.195723898524807191e+04	8.360079633888752900e-08
1.196914858583098794e+04	8.361304610106846471e-08
1.198105818641390397e+04	7.716894239941793204e-08
1.199296778699682000e+04	8.530671867311014383e-08
1.200487738757973602e+04	8.175752271811971722e-08
1.201678698816265387e+04	7.817033174595612265e-08
1.202869658874556990e+04	8.619754980397226102e-08
1.204060618932848593e+04	8.077711484558049675e-08
1.205251578991140195e+04	8.351624769775159679e-08
1.206442539049431798e+04	9.278611350520308114e-08
1.207633499107723401e+04	8.682257593122783972e-08
1.208824459166015185e+04	9.204265814268664651e-08
1.210015419224306970e+04	9.537877555243390984e-08
1.211206379282598573e+04	8.526174569157812950e-08
1.212397339340890176e+04	9.178356160356529641e-08
1.213588299399181778e+04	9.532728079518252731e-08
1.214779259457473381e+04	9.067974667047323781e-08
1.215970219515765166e+04	9.526473061575208300e-08
1.217161179574056587e+04	8.706607256805109534e-08
1.218352139632348371e+04	8.178971593771533338e-08
1.219543099690639974e+04	8.957423979947593701e-08
1.220734059748931577e+04	8.215016755990103501e-08
1.221925019807223180e+04	8.071103236296104020e-08
1.223115979865514782e+04	8.635982571707240508e-08
1.224306939923806567e+04	7.837585600133086769e-08
1.225497899982097988e+04	8.195771421561937685e-08
1.226688860040389773e+04	8.542048155101347862e-08
1.227879820098681193e+04	7.755809447769327888e-08
1.229070780156972978e+04	8.402654385043706532e-08
1.230261740215264763e+04	8.402184821806370964e-08
1.231452700273556547e+04	7.764455552436545233e-08
1.232643660331847968e+04	8.546628060439942220e-08
1.233834620390139753e+04	8.193709643199668155e-08
1.235025580448431356e+04	7.857393331316512168e-08
1.236216540506722959e+04	8.652646029884541751e-08
1.237407500565014561e+04	8.015491632812788981e-08
1.238598460623306164e+04	8.008420968905330352e-08
1.239789420681597767e+04	8.637453170119070545e-08
1.240980380739889370e+04	7.868618576325687903e-08
1.242171340798181154e+04	8.233144807145934735e-08
1.243362300856472757e+04	8.577020302305177825e-08
1.244553260914764360e+04	7.786061095344430637e-08
1.245744220973055963e+04	8.406169774083927650e-08
1.246935181031347565e+04	8.401645648759801257e-08
1.248126141089639168e+04	7.786597195822925337e-08
1.249317101147931135e+04	8.578920321717942962e-08
1.250508061206222737e+04	8.235436003396502169e-08
1.251699021264514340e+04	7.887870941397527381e-08
1.252889981322805943e+04	8.659860299820142737e-08
1.254080941381097546e+04	8.039321341424195490e-08
1.255271901439389148e+04	8.048000034405572060e-08
1.256462861497680933e+04	8.666147678343149692e-08
1.257653821555972354e+04	7.882754582134904223e-08
1.258844781614264139e+04	8.219651756603537826e-08
1.260035741672555741e+04	8.557628602787855749e-08
1.261226701730847344e+04	7.788708631959847026e-08
1.262417661789138947e+04	8.409926434783952824e-08
1.263608621847430550e+04	8.407933246448864310e-08
1.264799581905722334e+04	7.794395327263769881e-08
1.265990541964013755e+04	8.564596082326446018e-08
1.267181502022305540e+04	8.221394070896934783e-08
1.268372462080596961e+04	7.883970588218011468e-08
1.269563422138888927e+04	8.650696935181810094e-08
1.270754382197180530e+04	8.036275659738383438e-08
1.271945342255472315e+04	8.040349884670530629e-08
1.273136302313763736e+04	8.652248239085034386e-08
1.274327262372055520e+04	7.889475320902915959e-08
1.275518222430347123e+04	8.232611177667972518e-08
1.276709182488638726e+04	8.570219347749778479e-08
1.277900142546930329e+04	7.810989792636772025e-08
1.279091102605221931e+04	8.423729316809458101e-08
1.280282062663513534e+04	8.422047202293127366e-08
1.281473022721805137e+04	7.816436509530643814e-08
1.282663982780096921e+04	8.576467004803508761e-08
1.283854942838388524e+04	8.237977233939910792e-08
1.285045902896680127e+04	7.904950325881665453e-08
1.286236862954971730e+04	8.661573329235437177e-08
1.287427823013263333e+04	8.055264910128654946e-08
1.288618783071555299e+04	8.059306059031158609e-08
1.289809743129846902e+04	8.663357319797422442e-08
1.291000703188138323e+04	7.910719951821583128e-08
1.292191663246430107e+04	8.249374556039498504e-08
1.293382623304721710e+04	8.582637040540219349e-08
1.294573583363013495e+04	7.833353061355307420e-08
1.295764543421305098e+04	8.438087495408086447e-08
1.296955503479596518e+04	8.436499617776042553e-08
1.298146463537888121e+04	7.838790928269731330e-08
1.299337423596179906e+04	8.588940793097697261e-08
1.300528383654471509e+04	8.254934461407654364e-08
1.301719343712762929e+04	7.926249936550786780e-08
1.302910303771054714e+04	8.673091884218791007e-08
1.304101263829346317e+04	8.074714700385456130e-08
1.305292223887638102e+04	8.078688243376196197e-08
1.306483183945929704e+04	8.674953239113182552e-08
1.307674144004221125e+04	7.932099161385527857e-08
1.308865104062513092e+04	8.266377988510751228e-08
1.310056064120804695e+04	8.595432931236774381e-08
1.311247024179096479e+04	7.855910081194028060e-08
1.312437984237387900e+04	8.452883350364918364e-08
1.313628944295679503e+04	8.451383165434542630e-08
1.314819904353971287e+04	7.861393075954602688e-08
1.316010864412262890e+04	8.601945157701539293e-08
1.317201824470554675e+04	8.272312152155106888e-08
1.318392784528845914e+04	7.947814236865764793e-08
1.319583744587137699e+04	8.685097853916674000e-08
1.320774704645429301e+04	8.094536348984552711e-08
1.321965664703721086e+04	8.098553702862231137e-08
1.323156624762012689e+04	8.687245076347326923e-08
1.324347584820304110e+04	7.953859699798949018e-08
1.325538544878595894e+04	8.283779323494387831e-08
1.326729504936887497e+04	8.608648714179462607e-08
1.327920464995179282e+04	7.878533714588421182e-08
1.329111425053470884e+04	8.467826859846828836e-08
1.330302385111762669e+04	8.466387053075956775e-08
1.331493345170054272e+04	7.883919216505770102e-08
1.332684305228345875e+04	8.615063199288861921e-08
1.333875265286637296e+04	8.289708497325074755e-08
1.335066225344929080e+04	7.969376479560830946e-08
1.336257185403220683e+04	8.697345661154868936e-08
1.337448145461512468e+04	8.114251166221676421e-08
1.338639105519804070e+04	8.118116192144965468e-08
1.339830065578095491e+04	8.699436265514167721e-08
1.341021025636387276e+04	7.975461427204075559e-08
1.342211985694678879e+04	8.301210505675292752e-08
1.343402945752970481e+04	8.622079019192123556e-08
1.344593905811262266e+04	7.901533090287768631e-08
1.345784865869553687e+04	8.484098065345700593e-08
1.346975825927845290e+04	8.483366829429822647e-08
1.348166785986137256e+04	7.908204585990124132e-08
1.349357746044429041e+04	8.629828823981427956e-08
1.350548706102720462e+04	8.308559447993562096e-08
1.351739666161012065e+04	7.992316620137456616e-08
1.352930626219303849e+04	8.711382092851486046e-08
1.354121586277595452e+04	8.135272777748764092e-08
1.355312546335886873e+04	8.137606179334493831e-08
1.356503506394178476e+04	8.713327995197464804e-08
1.357694466452470260e+04	8.008262288345637822e-08
1.358885426510761863e+04	8.344147073049073965e-08
1.360076386569053648e+04	8.669010354131631728e-08
1.361267346627345069e+04	7.953969517934694618e-08
1.362458306685636671e+04	8.522440911491838670e-08
1.363649266743928456e+04	8.523126027505117983e-08
1.364840226802220059e+04	7.960416913140328524e-08
1.366031186860511662e+04	8.669328989486631088e-08
1.367222146918803446e+04	8.340370617001967174e-08
1.368413106977095049e+04	8.017980057459200923e-08
1.369604067035386834e+04	8.725268643688185250e-08
1.370795027093678436e+04	8.160486899471729019e-08
1.371985987151969857e+04	8.161020164348311029e-08
1.373176947210261642e+04	8.725413856462705990e-08
1.374367907268553245e+04	8.072360388780314896e-08
1.375558867326845029e+04	8.507404092611988167e-08
1.376749827385136632e+04	8.903348248222630122e-08
1.377940787443428053e+04	8.186188591056788458e-08
1.379131747501719656e+04	8.725001577095765444e-08
1.380322707560011440e+04	8.769611309992308005e-08
1.381513667618303043e+04	8.278868300318511114e-08
1.382704627676594464e+04	8.964118972274068169e-08
1.383895587734886249e+04	8.525965314194221685e-08
1.385086547793177851e+04	8.086025634799358634e-08
1.386277507851469636e+04	8.732966841097088520e-08
1.387468467909761239e+04	8.173655467046715201e-08
1.388659427968052842e+04	8.181326441513079208e-08
1.389850388026344626e+04	8.738468330345869817e-08
1.391041348084636229e+04	8.042281917045264547e-08
1.392232308142928014e+04	8.357585144324370774e-08
1.393423268201219435e+04	8.665810044034468855e-08
1.394614228259511037e+04	7.971006448305845377e-08
1.395805188317802822e+04	8.531390712635529184e-08
1.396996148376094425e+04	8.529845104669473804e-08
1.398187108434386209e+04	7.976271315547721414e-08
1.399378068492677448e+04	8.672632713750314661e-08
1.400569028550969233e+04	8.363753240260617553e-08
1.401759988609260836e+04	8.059321289489156660e-08
1.402950948667552620e+04	8.751857457797701542e-08
1.404141908725844041e+04	8.196978704628437540e-08
1.405332868784135644e+04	8.201078846913814880e-08
1.406523828842427611e+04	8.754517261692146125e-08
1.407714788900719395e+04	8.065024119049241417e-08
1.408905748959010816e+04	8.375105300912922880e-08
1.410096709017302419e+04	8.682618143686321895e-08
1.411287669075594204e+04	7.999094589903251536e-08
1.412478629133885806e+04	8.552758025778782869e-08
1.413669589192177409e+04	8.548789513180288655e-08
1.414860549250468830e+04	8.000099065223817934e-08
1.416051509308760615e+04	8.689733016700996910e-08
1.417242469367052217e+04	8.386426867917455716e-08
1.418433429425344002e+04	8.084599672516358736e-08
1.419624389483635605e+04	8.767416323861310253e-08
1.420815349541927026e+04	8.219529915210681683e-08
1.422006309600218810e+04	8.227379442700767203e-08
1.423197269658510413e+04	8.786062482913823240e-08
1.424388229716802016e+04	8.121369725836993169e-08
1.425579189775093801e+04	8.434354706185271677e-08
1.426770149833385403e+04	8.730807012196012410e-08
1.427961109891677188e+04	8.050600582944474286e-08
1.429152069949968791e+04	8.607843530909054259e-08
1.430343030008260575e+04	8.616692458288141686e-08
1.431533990066551996e+04	8.068901559216637505e-08
1.432724950124843599e+04	8.726370392443447490e-08
1.433915910183135384e+04	8.405488431241387179e-08
1.435106870241426986e+04	8.101904639627255937e-08
1.436297830299718407e+04	8.779300057837090210e-08
1.437488790358010010e+04	8.238275281837614606e-08
1.438679750416301795e+04	8.241526060140178741e-08
1.439870710474593398e+04	8.782042284561342302e-08
1.441061670532885182e+04	8.109782319183257667e-08
1.442252630591176603e+04	8.412712712422547515e-08
1.443443590649468206e+04	8.711343362062177132e-08
1.444634550707759990e+04	8.041496295441649235e-08
1.445825510766051957e+04	8.582180869384627524e-08
1.447016470824343196e+04	8.581360835883936458e-08
1.448207430882634981e+04	8.047128116337177746e-08
1.449398390940926583e+04	8.718402914565998869e-08
1.450589350999218368e+04	8.420030209388741809e-08
1.451780311057509971e+04	8.125992923076968775e-08
1.452971271115801392e+04	8.794689988447061656e-08
1.454162231174093176e+04	8.259932122818320862e-08
1.455353191232384779e+04	8.263470207729745018e-08
1.456544151290676564e+04	8.797284909892633897e-08
1.457735111348968167e+04	8.132671349085053928e-08
1.458926071407259587e+04	8.431957980083891835e-08
1.460117031465551190e+04	8.727024835878931234e-08
1.461307991523842975e+04	8.065232689731309219e-08
1.462498951582134578e+04	8.599843597810588597e-08
1.463689911640425998e+04	8.599018117614946059e-08
1.464880871698717783e+04	8.070856422613828035e-08
1.466071831757009750e+04	8.734270679570651821e-08
1.467262791815301352e+04	8.439572171885052875e-08
1.468453751873592773e+04	8.149069781461758958e-08
1.469644711931884376e+04	8.809834884922540359e-08
1.470835671990176161e+04	8.281153769068956656e-08
1.472026632048467764e+04	8.284760342223748460e-08
1.473217592106759548e+04	8.812661721909555973e-08
1.474408552165050969e+04	8.155943001047371530e-08
1.475599512223342572e+04	8.451777928061782844e-08
1.476790472281634356e+04	8.743451916917360638e-08
1.477981432339925959e+04	8.089346114566524841e-08
1.479172392398217744e+04	8.617780287853808848e-08
1.480363352456508983e+04	8.617039738273590778e-08
1.481554312514800768e+04	8.095033945442472485e-08
1.482745272573092370e+04	8.750803962113405225e-08
1.483936232631384155e+04	8.459546190469858190e-08
1.485127192689675758e+04	8.172411647345095352e-08
1.486318152747967542e+04	8.825609521663985326e-08
1.487509112806259145e+04	8.303097549864415300e-08
1.488700072864550930e+04	8.306702554403124601e-08
1.489891032922842351e+04	8.828594503974232224e-08
1.491081992981133953e+04	8.179475708311212101e-08
1.492272953039425738e+04	8.471907977864154948e-08
1.493463913097717341e+04	8.760266414459590166e-08
1.494654873156008944e+04	8.113705626391905364e-08
1.495845833214300364e+04	8.636115242985440793e-08
1.497036793272592149e+04	8.635442220018260752e-08
1.498227753330883752e+04	8.119426311282255861e-08
1.499418713389175537e+04	8.767710135602255307e-08
1.500609673447467139e+04	8.479844049727432656e-08
1.501800633505758560e+04	8.196003794673608631e-08
1.502991593564050345e+04	8.841783473930790389e-08
1.504182553622341948e+04	8.325426614885203565e-08
1.505373513680633914e+04	8.329340888166484336e-08
1.506564473738925335e+04	8.845654672568069761e-08
1.507755433797216938e+04	8.204000024564018874e-08
1.508946393855508722e+04	8.492894611689265935e-08
1.510137353913800325e+04	8.777915715215898212e-08
1.511328313972092110e+04	8.138891472849079958e-08
1.512519274030383531e+04	8.655470599904645471e-08
1.513710234088675134e+04	8.654667729161747613e-08
1.514901194146966918e+04	8.144391918394766550e-08
1.516092154205258521e+04	8.785423159215525874e-08
1.517283114263549942e+04	8.500876245898109526e-08
1.518474074321841545e+04	8.220255679143390547e-08
1.519665034380133329e+04	8.858833624329310152e-08
1.520855994438424932e+04	8.348295310858948694e-08
1.522046954496716717e+04	8.352130187124205274e-08
1.523237914555008138e+04	8.862384796529773963e-08
1.524428874613300104e+04	8.227094875319133759e-08
1.525619834671591707e+04	8.513965593553470756e-08
1.526810794729883492e+04	8.802711551654257344e-08
1.528001754788174730e+04	8.180008046409548314e-08
1.529192714846466515e+04	8.694603648097725784e-08
1.530383674904758118e+04	8.691902070777229222e-08
1.531574634963049903e+04	8.186263478641380919e-08
1.532765595021341505e+04	8.823369118306471640e-08
1.533956555079632926e+04	8.544882941766801698e-08
1.535147515137924711e+04	8.262926671933409174e-08
1.536338475196216314e+04	8.884029665203540978e-08
1.537529435254508098e+04	8.371504007992958086e-08
1.538720395312799337e+04	8.373433900971301889e-08
1.539911355371091122e+04	8.878604921407323492e-08
1.541102315429382725e+04	8.251277835810666488e-08
1.542293275487674509e+04	8.533857196245453994e-08
1.543484235545966112e+04	8.812866248132393052e-08
1.544675195604257897e+04	8.187980923274940530e-08
1.545866155662549500e+04	8.693033339703197862e-08
1.547057115720841284e+04	8.692724034023498179e-08
1.548248075779132887e+04	8.194088583379158433e-08
1.549439035837424308e+04	8.820853026486232721e-08
1.550629995895715911e+04	8.542685819920825485e-08
1.551820955954007695e+04	8.268325630007382481e-08
1.553011916012299298e+04	8.892792749351289462e-08
1.554202876070591083e+04	8.393626990765074205e-08
1.555393836128882504e+04	8.397009758534690723e-08
1.556584796187174106e+04	8.895892865877190691e-08
1.557775756245465891e+04	8.275606480447598430e-08
1.558966716303757494e+04	8.555213392418206144e-08
1.560157676362049278e+04	8.831078982330172248e-08
1.561348636420340517e+04	8.213165475119865963e-08
1.562539596478632302e+04	8.712635160632003875e-08
1.563730556536923905e+04	8.712271847973190772e-08
1.564921516595215871e+04	8.219138024126677354e-08
1.566112476653507292e+04	8.839035502729213283e-08
1.567303436711799077e+04	8.564044129405150065e-08
1.568494396770090680e+04	8.292761550656890729e-08
1.569685356828382464e+04	8.910351103268295286e-08
1.570876316886673885e+04	8.416759803741296941e-08
1.572067276944965488e+04	8.420166564523607361e-08
1.573258237003257273e+04	8.913612663079902014e-08
1.574449197061548875e+04	8.300684979089266719e-08
1.575640157119840478e+04	8.578476709510059641e-08
1.576831117178131899e+04	8.852401028785225127e-08
1.578022077236423684e+04	8.241349775308569193e-08
1.579213037294715286e+04	8.735011655789753130e-08
1.580403997353007071e+04	8.734862385977246087e-08
1.581594957411298674e+04	8.247715533297698730e-08
1.582785917469590095e+04	8.860825588406625371e-08
1.583976877527882061e+04	8.587752956289460212e-08
1.585167837586173846e+04	8.318059030067176556e-08
1.586358797644465449e+04	8.928298240675070751e-08
1.587549757702756870e+04	8.440130835275211994e-08
1.588740717761048472e+04	8.443648468493482072e-08
1.589931677819340257e+04	8.931815550492314185e-08
1.591122637877631860e+04	8.325114954183267606e-08
1.592313597935923644e+04	8.598681577461933782e-08
1.593504557994215065e+04	8.868645383936919795e-08
1.594695518052506668e+04	8.264227950936964144e-08
1.595886478110798453e+04	8.752906538725033449e-08
1.597077438169090055e+04	8.752615975846327149e-08
1.598268398227381476e+04	8.270192564553445086e-08
1.599459358285673079e+04	8.876726371108121231e-08
1.600650318343964864e+04	8.607792432863228013e-08
1.601841278402256467e+04	8.342427313432635345e-08
1.603032238460548251e+04	8.946738291042916694e-08
1.604223198518839854e+04	8.463875149359155346e-08
1.605414158577131639e+04	8.467317399096327262e-08
1.606605118635423241e+04	8.950306055792376435e-08
1.607796078693715026e+04	8.350216471649003090e-08
1.608987038752006265e+04	8.620857349341033771e-08
1.610177998810298050e+04	8.887975592074261173e-08
1.611368958868589652e+04	8.290109062666948226e-08
1.612559918926881437e+04	8.773555237111521882e-08
1.613750878985173040e+04	8.773322528128953473e-08
1.614941839043464461e+04	8.296105139225861256e-08
1.616132799101756245e+04	8.896149558691558178e-08
1.617323759160047848e+04	8.630165211843027631e-08
1.618514719218339633e+04	8.367674020282599509e-08
1.619705679276630872e+04	8.965538258606414807e-08
1.620896639334922656e+04	8.487900151893732145e-08
1.622087599393214259e+04	8.491328342705576932e-08
1.623278559451506226e+04	8.969197368607065562e-08
1.624469519509797647e+04	8.375578556180544163e-08
1.625660479568089431e+04	8.643347559999063286e-08
1.626851439626381034e+04	8.907662545785368094e-08
1.628042399684672819e+04	8.316216604220170313e-08
1.629233359742964421e+04	8.794523345655342790e-08
1.630424319801255842e+04	8.794350695757631006e-08
1.631615279859547445e+04	8.322258581716059020e-08
1.632806239917839230e+04	8.915944296490928130e-08
1.633997199976130833e+04	8.652849197487068012e-08
1.635188160034422617e+04	8.393176708114389214e-08
1.636379120092714038e+04	8.984720103566736461e-08
1.637570080151005641e+04	8.512211456196714827e-08
1.638761040209297425e+04	8.515624870260599268e-08
1.639952000267589028e+04	8.988466669251594625e-08
1.641142960325880631e+04	8.401193965236700339e-08
1.642333920384172234e+04	8.666145084988492250e-08
1.643524880442464200e+04	8.927711158526684307e-08
1.644715840500755803e+04	8.342568648624832386e-08
1.645906800559047406e+04	8.815834839605654504e-08
1.647097760617339009e+04	8.815727020850291706e-08
1.648288720675630611e+04	8.348694851895916182e-08
1.649479680733922214e+04	8.936196838816555966e-08
1.650670640792213817e+04	8.675960653468983000e-08
1.651861600850505420e+04	8.419014940107725994e-08
1.653052560908797022e+04	9.004316234147557522e-08
1.654243520967088625e+04	8.536862365405843094e-08
1.655434481025380228e+04	8.540307224859401583e-08
1.656625441083672195e+04	9.008207430432357489e-08
1.657816401141963433e+04	8.427105878779540623e-08
1.659007361200255036e+04	8.689311882267062582e-08
1.660198321258547003e+04	8.948305743384305225e-08
1.661389281316838606e+04	8.369439407139278878e-08
1.662580241375130208e+04	8.837760514487329473e-08
1.663771201433421811e+04	8.837652448869505507e-08
1.664962161491713778e+04	8.375471561302066315e-08
1.666153121550005380e+04	8.956854026928414705e-08
1.667344081608296983e+04	8.699396504392389610e-08
1.668535041666588222e+04	8.445045715540792269e-08
1.669726001724880189e+04	9.024292287391416428e-08
1.670916961783171791e+04	8.561701328752884033e-08
1.672107921841463394e+04	8.564778339495430495e-08
1.673298881899754997e+04	9.029088299287971870e-08
1.674489841958046600e+04	8.458204248550135485e-08
1.675680802016338203e+04	8.722025201697783285e-08
1.676871762074629805e+04	8.979661203833847348e-08
1.678062722132921408e+04	8.404916993686178858e-08
1.679253682191213011e+04	8.866786795303125005e-08
1.680444642249504614e+04	8.871495964143765017e-08
1.681635602307796216e+04	8.425096653657790228e-08
1.682826562366088183e+04	9.006973218583288016e-08
1.684017522424379786e+04	8.748210398254726548e-08
1.685208482482671388e+04	8.490763684324410085e-08
1.686399442540962991e+04	9.066026881198421803e-08
1.687590402599254958e+04	8.614798564761616253e-08
1.688781362657546561e+04	8.618688505217099178e-08
1.689972322715837799e+04	9.067798297008400493e-08
1.691163282774129402e+04	8.486601428031959642e-08
1.692354242832421369e+04	8.736664276570561064e-08
1.693545202890712972e+04	8.989694172161641698e-08
1.694736162949004574e+04	8.423374918016596042e-08
1.695927123007296177e+04	8.881857706900033316e-08
1.697118083065587780e+04	8.881884325227825056e-08
1.698309043123879383e+04	8.429469909635470418e-08
1.699500003182170985e+04	8.998754770174331418e-08
1.700690963240462588e+04	8.746670263937101731e-08
1.701881923298754555e+04	8.497811850781034659e-08
1.703072883357046157e+04	9.065182238751344364e-08
1.704263843415337760e+04	8.612286317513433443e-08
1.705454803473629363e+04	8.615670232022983137e-08
1.706645763531920966e+04	9.069286455061186141e-08
1.707836723590212569e+04	8.506276880795572173e-08
1.709027683648504171e+04	8.760476567355414483e-08
1.710218643706796138e+04	9.011527071275870032e-08
1.711409603765087377e+04	8.450494136581848090e-08
1.712600563823378980e+04	8.904517003167413089e-08
1.713791523881670582e+04	8.904616889887832787e-08
1.714982483939962549e+04	8.456769161533913893e-08
1.716173443998254152e+04	9.020356076330732406e-08
1.717364404056545391e+04	8.770928224819008869e-08
1.718555364114837357e+04	8.524620881919614377e-08
1.719746324173128960e+04	9.086257472934773898e-08
1.720937284231420563e+04	8.638024532227352248e-08
1.722128244289712165e+04	8.641416627160884575e-08
1.723319204348004132e+04	9.090582429632967599e-08
1.724510164406295735e+04	8.533517472177489162e-08
1.725701124464587338e+04	8.785217551626618198e-08
1.726892084522878940e+04	9.033727860816724686e-08
1.728083044581170543e+04	8.478405894595210049e-08
1.729274004639462146e+04	8.927874450081695124e-08
1.730464964697753749e+04	8.928084436950293665e-08
1.731655924756045351e+04	8.484749070115237634e-08
1.732846884814336954e+04	9.042470874554351452e-08
1.734037844872628557e+04	8.795519502439635055e-08
1.735228804930920160e+04	8.551703282154771871e-08
1.736419764989211762e+04	9.107707759452755882e-08
1.737610725047503729e+04	8.664097714857104538e-08
1.738801685105794968e+04	8.667352777459239057e-08
1.739992645164086571e+04	9.112156002438052551e-08
1.741183605222378537e+04	8.561835161831136242e-08
1.742374565280670504e+04	8.812333163397434016e-08
1.743565525338961743e+04	9.058675777353283562e-08
1.744756485397253346e+04	8.508546819325404854e-08
1.745947445455545312e+04	8.953668603604370249e-08
1.747138405513836915e+04	8.954909221798476897e-08
1.748329365572128518e+04	8.516545399386754871e-08
1.749520325630419757e+04	9.067696241116444997e-08
1.750711285688711723e+04	8.821608333442802044e-08
1.751902245747003326e+04	8.579210052230835849e-08
1.753093205805294929e+04	9.129441419934612344e-08
1.754284165863586531e+04	8.690437342544650267e-08
1.755475125921878134e+04	8.693775721358631851e-08
1.756666085980169737e+04	9.133866650418086471e-08
1.757857046038461340e+04	8.587954887089207891e-08
1.759048006096752943e+04	8.834579287401294739e-08
1.760238966155044545e+04	9.078236735984973820e-08
1.761429926213336512e+04	8.534191115018081319e-08
1.762620886271628115e+04	8.974659188018437573e-08
1.763811846329919717e+04	8.974920646934282020e-08
1.765002806388211320e+04	8.540619090739304937e-08
1.766193766446502923e+04	9.087400056560614165e-08
1.767384726504794526e+04	8.845616427438297664e-08
1.768575686563086492e+04	8.606779045643109470e-08
1.769766646621378095e+04	9.151710290004308575e-08
1.770957606679669334e+04	8.717063623661358149e-08
1.772148566737960937e+04	8.720412442108841831e-08
1.773339526796252903e+04	9.156163010807874793e-08
1.774530486854544506e+04	8.615741369509299555e-08
1.775721446912836109e+04	8.859935450619346551e-08
1.776912406971127712e+04	9.101213355894030042e-08
1.778103367029419314e+04	8.562636096213524614e-08
1.779294327087710917e+04	8.998743146702048165e-08
1.780485287146002884e+04	8.999056137204095525e-08
1.781676247204294486e+04	8.569118918606237420e-08
1.782867207262586089e+04	9.110488902811820023e-08
1.784058167320877692e+04	8.871166763453056910e-08
1.785249127379169295e+04	8.634739706549693816e-08
1.786440087437460897e+04	9.174295113141926342e-08
1.787631047495752500e+04	8.744027060143920596e-08
1.788822007554044103e+04	8.747372386946081204e-08
1.790012967612335706e+04	9.178838876387176107e-08
1.791203927670627672e+04	8.643833542187426906e-08
1.792394887728918911e+04	8.885637396535625169e-08
1.793585847787210514e+04	9.124574111398553681e-08
1.794776807845502117e+04	8.591376527821795603e-08
1.795967767903794083e+04	9.023185671400336961e-08
1.797158727962085686e+04	9.023545445072926605e-08
1.798349688020376925e+04	8.597902680504230153e-08
1.799540648078668892e+04	9.133950514914470144e-08
1.800731608136960858e+04	8.897051456255185668e-08
1.801922568195252461e+04	8.662993772920703654e-08
1.803113528253543700e+04	9.197251768159797021e-08
1.804304488311835667e+04	8.771282807296095384e-08
1.805495448370127269e+04	8.774625088990224158e-08
1.806686408428418872e+04	9.201880509943675027e-08
1.807877368486710475e+04	8.672200940281076000e-08
1.809068328545002078e+04	8.911645596542047731e-08
1.810259288603293680e+04	9.148276479875849171e-08
1.811450248661585283e+04	8.620380852857324268e-08
1.812641208719876886e+04	9.047974767451385151e-08
1.813832168778168489e+04	9.048388696585966722e-08
1.815023128836460091e+04	8.626976064242157129e-08
1.816214088894751694e+04	9.157780755518217592e-08
1.817405048953043297e+04	8.923262596152561512e-08
1.818596009011335263e+04	8.691618947664688613e-08
1.819786969069626866e+04	9.220868084034407954e-08
1.820977929127918469e+04	8.799326461419385104e-08
1.822168889186210072e+04	8.802688551130961660e-08
1.823359849244502038e+04	9.225670241520876901e-08
1.824550809302793277e+04	8.701164750237051799e-08
1.825741769361084880e+04	8.938382261250195607e-08
1.826932729419376847e+04	9.172799468039331397e-08
1.828123689477668449e+04	8.649970605185164389e-08
1.829314649535960052e+04	9.073205021457271967e-08
1.830505609594251291e+04	9.073582201792261052e-08
1.831696569652543258e+04	8.656333662558648675e-08
1.832887529710834860e+04	9.181998292376319880e-08
1.834078489769126463e+04	8.949822287108276338e-08
1.835269449827418066e+04	8.720397718491459853e-08
1.836460409885709669e+04	9.244328533592412574e-08
1.837651369944001272e+04	8.826760262494622116e-08
1.838842330002292874e+04	8.830100859855865810e-08
1.840033290060584477e+04	9.249134286468960116e-08
1.841224250118876444e+04	8.729854773131664388e-08
1.842415210177168046e+04	8.964706174380430568e-08
1.843606170235459649e+04	9.196839504709281857e-08
1.844797130293751252e+04	8.679285837570215471e-08
1.845988090352042855e+04	9.098643226727728629e-08
1.847179050410334457e+04	9.099156295839860026e-08
1.848370010468626060e+04	8.685993757219546012e-08
1.849560970526918027e+04	9.206583614057492399e-08
1.850751930585209629e+04	8.976721395098685652e-08
1.851942890643500868e+04	8.749556834575240306e-08
1.853133850701792471e+04	9.268445525872900044e-08
1.854324810760084438e+04	8.854980785030077075e-08
1.855515770818376041e+04	8.858320645588983398e-08
1.856706730876667643e+04	9.273340523652148393e-08
1.857897690934959246e+04	8.759140279354348738e-08
1.859088650993251213e+04	8.991749409985931057e-08
1.860279611051542815e+04	9.221687524767733832e-08
1.861470571109834418e+04	8.709185160710984461e-08
1.862661531168126021e+04	9.124521088781935870e-08
1.863852491226417624e+04	9.125083136421361585e-08
1.865043451284709226e+04	8.715952455881139333e-08
1.866234411343000829e+04	9.231551736164771724e-08
1.867425371401292432e+04	9.003962897860565020e-08
1.868616331459584035e+04	8.779025950429114398e-08
1.869807291517875638e+04	9.292951557901099681e-08
1.870998251576167240e+04	8.883526259951255443e-08
1.872189211634459207e+04	8.886867072825176402e-08
1.873380171692750446e+04	9.297935690652812718e-08
1.874571131751042049e+04	8.788736681023250465e-08
1.875762091809333651e+04	9.019139407546938155e-08
1.876953051867625618e+04	9.246916230108225283e-08
1.878144011925917221e+04	8.739388199359961096e-08
1.879334971984208823e+04	9.150765224370783930e-08
1.880525932042500426e+04	9.151375637408533455e-08
1.881716892100792393e+04	8.746215334871092274e-08
1.882907852159083996e+04	9.256901260068795022e-08
1.884098812217375234e+04	9.031551595367875005e-08
1.885289772275667201e+04	8.808809153936670534e-08
1.886480732333958804e+04	9.317847972673037261e-08
1.887671692392250407e+04	8.912400787646327586e-08
1.888862652450541646e+04	8.915743282784620935e-08
1.890053612508833612e+04	9.322921183192113004e-08
1.891244572567125215e+04	8.818647976980589304e-08
1.892435532625416818e+04	9.046878539873082245e-08
1.893626492683708420e+04	9.272527161467781576e-08
1.894817452742000023e+04	8.769898751404072683e-08
1.896008412800291626e+04	9.177377779626074368e-08
1.897199372858583229e+04	9.178036106576463516e-08
1.898390332916875195e+04	8.776787304241227445e-08
1.899581292975166798e+04	9.282634720856577125e-08
1.900772253033458401e+04	9.059490484782727302e-08
1.901963213091750004e+04	8.838910645242707026e-08
1.903154173150041606e+04	9.343136660492407951e-08
1.904345133208333573e+04	8.941608520933102624e-08
1.905536093266624812e+04	8.944953722487381234e-08
1.906727053324916415e+04	9.348299450024133552e-08
1.907918013383208381e+04	8.848878840092735336e-08
1.909108973441499984e+04	9.074970497249619559e-08
1.910299933499791587e+04	9.298522757528432794e-08
1.911490893558082826e+04	8.800721747510580428e-08
1.912681853616374792e+04	9.204361235268854036e-08
1.913872813674666395e+04	9.205067231166698678e-08
1.915063773732957998e+04	8.807672674689487307e-08
1.916254733791249600e+04	9.308753897583945864e-08
1.917445693849541203e+04	9.087783060832261866e-08
1.918636653907833170e+04	8.869334533677147841e-08
1.919827613966124773e+04	9.368819212904315992e-08
1.921018574024416012e+04	8.971152665278324278e-08
1.922209534082707978e+04	8.974501434462244693e-08
1.923400494140999581e+04	9.374071915405994580e-08
1.924591454199291184e+04	8.879432979096015681e-08
1.925782414257582786e+04	9.103418149558565111e-08
1.926973374315874389e+04	9.324905650273402041e-08
1.928164334374165992e+04	8.831861787632535689e-08
1.929355294432457595e+04	9.231718715549604078e-08
1.930546254490749561e+04	9.232471811392169357e-08
1.931737214549041164e+04	8.838875822595855278e-08
1.932928174607332403e+04	9.335260987339293019e-08
1.934119134665624006e+04	9.116432211161862524e-08
1.935310094723915972e+04	8.900084595873152371e-08
1.936501054782207575e+04	9.394897822668970977e-08
1.937692014840499178e+04	9.001037245711997409e-08
1.938882974898790781e+04	9.004390071047771345e-08
1.940073934957082747e+04	9.400240550122769368e-08
1.941264895015374350e+04	8.910314699677040010e-08
1.942455855073665953e+04	9.132224721050504966e-08
1.943646815131957192e+04	9.351677447057875276e-08
1.944837775190249158e+04	8.863322683220017898e-08
1.946028735248540761e+04	9.259452754151060608e-08
1.947219695306832364e+04	9.260253065148402378e-08
1.948410655365123966e+04	8.870401583285564021e-08
1.949601615423415569e+04	9.362159067501249139e-08
1.950792575481707172e+04	9.145441948186451433e-08
1.951983535539998775e+04	8.931165904244820228e-08
1.953174495598290741e+04	9.421375054948704694e-08
1.954365455656581980e+04	9.031266185134990088e-08
1.955556415714873583e+04	9.034624238560045809e-08
1.956747375773165186e+04	9.426808343158032402e-08
1.957938335831457152e+04	8.941528846589536777e-08
1.959129295889748755e+04	9.161394033499805951e-08
1.960320255948040358e+04	9.378841351730195515e-08
1.961511216006331961e+04	8.895109616066608730e-08
1.962702176064623927e+04	9.287566213499670523e-08
1.963893136122915530e+04	9.288413019536372373e-08
1.965084096181206769e+04	8.902254020760461365e-08
1.966275056239498736e+04	9.389449843896323130e-08
1.967466016297790338e+04	9.174814931548814800e-08
1.968656976356081941e+04	8.962582266126418348e-08
1.969847936414373180e+04	9.448252885964625532e-08
1.971038896472665147e+04	9.061843414336189854e-08
1.972229856530956749e+04	9.065207289466937198e-08
1.973420816589248352e+04	9.453776797552985481e-08
1.974611776647539955e+04	8.973078937000102484e-08
1.975802736705831558e+04	9.190928741402697971e-08
1.976993696764123524e+04	9.406399193792272730e-08
1.978184656822415127e+04	8.927226666965669662e-08
1.979375616880706730e+04	9.316061960588255189e-08
1.980566576938998332e+04	9.316955087937306419e-08
1.981757536997289935e+04	8.934437577551687648e-08
1.982948497055581538e+04	9.417136000262146004e-08
1.984139457113873141e+04	9.204554602346405343e-08
1.985330417172165107e+04	8.994337619336815977e-08
1.986521377230456346e+04	9.475533045410357097e-08
1.987712337288747949e+04	9.092772368785285761e-08
1.988903297347039916e+04	9.096142932639305288e-08
1.990094257405331518e+04	9.481148572251064710e-08
1.991285217463623121e+04	9.004969639064326860e-08
1.992476177521914360e+04	9.220832750915232108e-08
1.993667137580206327e+04	9.434353838259799865e-08
1.994858097638497929e+04	8.959678420799352162e-08
1.996049057696789532e+04	9.344942939517881397e-08
1.997240017755081135e+04	9.345882061472681494e-08
1.998430977813373102e+04	8.966956985921344631e-08
1.999621937871664704e+04	9.445220162932974903e-08
2.000812897929956307e+04	9.234664501591117874e-08
2.002003857988247546e+04	9.026436483785172259e-08
2.003194818046539513e+04	9.503218418103437252e-08
2.004385778104831115e+04	9.124056985149208717e-08
2.005576738163122718e+04	9.127434805402033918e-08
2.006767698221414321e+04	9.508925223519215729e-08
2.007958658279705924e+04	9.037204450849285474e-08
2.009149618337997526e+04	9.251108708164304240e-08
2.010340578396289129e+04	9.462707332347259598e-08
2.011531538454581096e+04	8.992468639505339261e-08
2.012722498512872698e+04	9.374211446647836508e-08
2.013913458571163937e+04	9.375196533013775837e-08
2.015104418629455540e+04	8.999816305285426559e-08
2.016295378687747507e+04	9.473704617321887762e-08
2.017486338746039473e+04	9.265148165854806373e-08
2.018677298804330712e+04	9.058883255729204391e-08
2.019868258862622315e+04	9.531311527320663388e-08
2.021059218920914282e+04	9.155701645631771434e-08
2.022250178979205884e+04	9.159087567906093969e-08
2.023441139037497123e+04	9.537110513575105667e-08
2.024632099095788726e+04	9.069789017849057504e-08
2.025823059154080693e+04	9.281761079699372727e-08
2.027014019212372295e+04	9.491463251773715137e-08
2.028204979270663898e+04	9.025603174624231737e-08
2.029395939328955501e+04	9.403871789901304807e-08
2.030586899387247104e+04	9.404902301833559119e-08
2.031777859445538706e+04	9.033020626783295119e-08
2.032968819503830309e+04	9.502592834793917499e-08
2.034159779562122276e+04	9.296009254228218865e-08
2.035350739620413515e+04	9.091682239069288377e-08
2.036541699678705481e+04	9.559814846047618817e-08
2.037732659736997084e+04	9.187710183274672267e-08
2.038923619795288687e+04	9.191105059370110684e-08
2.040114579853580290e+04	9.565706413154937972e-08
2.041305539911871892e+04	9.102726746046976909e-08
2.042496499970163495e+04	9.312793186795215935e-08
2.043687460028455462e+04	9.520624200740442127e-08
2.044878420086747064e+04	9.059085870345918990e-08
2.046069380145038303e+04	9.433926496727647392e-08
2.047260340203330270e+04	9.435002506407979526e-08
2.048451300261621873e+04	9.066574514567837837e-08
2.049642260319913476e+04	9.531887363203996834e-08
2.050833220378204715e+04	9.327251670865676998e-08
2.052024180436496681e+04	9.124838299687776762e-08
2.053215140494788284e+04	9.588731427744839914e-08
2.054406100553079887e+04	9.220087156024032473e-08
2.055597060611371489e+04	9.223491484123201311e-08
2.056788020669663456e+04	9.594715998687461918e-08
2.057978980727955059e+04	9.136022927719279166e-08
2.059169940786246661e+04	9.344208669562750680e-08
2.060360900844538264e+04	9.550192839619581701e-08
2.061551860902829867e+04	9.092921531849326103e-08
2.062742820961121470e+04	9.464378762884994428e-08
2.063933781019413072e+04	9.465499964173992026e-08
2.065124741077704675e+04	9.100482177923087065e-08
2.066315701135996642e+04	9.561590743273079663e-08
2.067506661194287881e+04	9.358878351353758557e-08
2.068697621252579484e+04	9.158355084540458287e-08
2.069888581310871450e+04	9.618063428820493421e-08
2.071079541369163053e+04	9.252835889428508528e-08
2.072270501427454656e+04	9.256250493773862893e-08
2.073461461485745895e+04	9.624141512895134755e-08
2.074652421544037861e+04	9.169681231052300317e-08
2.075843381602329828e+04	9.376011197749696481e-08
2.077034341660621430e+04	9.580172328903302700e-08
2.078225301718912669e+04	9.127114683424535443e-08
2.079416261777204636e+04	9.495232058069235559e-08
2.080607221835496239e+04	9.496398305330527271e-08
2.081798181893787842e+04	9.134748605777716956e-08
2.082989141952079081e+04	9.591706542433900424e-08
2.084180102010371047e+04	9.390893842903253494e-08
